-4.512713756412267685e-03 1.183916091918945312e+02 1.600000000000000000e+01 1.600000000000000000e+01 -2.883800864219665527e-01 -5.175496637821197510e-02
-3.642061725258827209e-03 1.184024200439453125e+02 1.566999435424804688e+01 1.566999435424804688e+01 -2.605582177639007568e-01 9.766202419996261597e-03
-2.383030485361814499e-03 1.184519500732421875e+02 1.533998870849609375e+01 1.533998870849609375e+01 1.751850396394729614e-01 4.670336470007896423e-02
3.238546429201960564e-03 1.185009689331054688e+02 1.500998306274414062e+01 1.500998306274414062e+01 1.735140383243560791e-01 4.761810228228569031e-02
3.103071125224232674e-03 1.185497970581054688e+02 1.467997741699218750e+01 1.467997741699218750e+01 -2.232308387756347656e-01 2.428827621042728424e-02
6.088304333388805389e-03 1.185970840454101562e+02 1.434997177124023438e+01 1.434997177124023438e+01 -1.983086764812469482e-01 1.656869053840637207e-02
1.026602648198604584e-02 1.186443405151367188e+02 1.401996612548828125e+01 1.401996612548828125e+01 1.378328055143356323e-01 3.434690460562705994e-02
1.166845392435789108e-02 1.186906356811523438e+02 1.368996047973632812e+01 1.368996047973632812e+01 -1.779447048902511597e-01 2.399642951786518097e-02
1.184028107672929764e-02 1.187366714477539062e+02 1.335995483398437500e+01 1.335995483398437500e+01 -1.568743735551834106e-01 2.128665894269943237e-02
1.247335411608219147e-02 1.187818298339843750e+02 1.302994918823242188e+01 1.302994918823242188e+01 -1.363567858934402466e-01 1.461953762918710709e-02
1.299842540174722672e-02 1.188271331787109375e+02 1.269994354248046875e+01 1.269994354248046875e+01 -1.720049045979976654e-02 3.518193215131759644e-02
1.084423530846834183e-02 1.188714065551757812e+02 1.236994171142578125e+01 1.236994171142578125e+01 -2.548937685787677765e-02 2.455461584031581879e-02
9.834591299295425415e-03 1.189145660400390625e+02 1.203994464874267578e+01 1.203994464874267578e+01 -1.962716132402420044e-02 2.257944270968437195e-02
8.957414887845516205e-03 1.189564132690429688e+02 1.170994758605957031e+01 1.170994758605957031e+01 4.331823438405990601e-04 1.880627311766147614e-02
8.067794144153594971e-03 1.189981765747070312e+02 1.137994956970214844e+01 1.137994956970214844e+01 -5.277350428514182568e-04 2.073485404253005981e-02
6.451507098972797394e-03 1.190388259887695312e+02 1.104995250701904297e+01 1.104995250701904297e+01 -9.713946928968653083e-05 1.833865605294704437e-02
-1.521987676620483398e+00 1.190451812744140625e+02 1.071995544433593750e+01 1.137994956970214844e+01 -9.824045896530151367e-01 -1.203001849353313446e-02
-5.164551734924316406e+00 1.191845397949218750e+02 1.038995742797851562e+01 1.170994758605957031e+01 -1.793235778808593750e+00 1.058999374508857727e-01
-9.940129280090332031e+00 1.192494583129882812e+02 1.005996036529541016e+01 1.203994464874267578e+01 -2.142096519470214844e+00 -2.969875000417232513e-02
-1.496394634246826172e+01 1.190990066528320312e+02 9.729962348937988281e+00 1.236994171142578125e+01 -1.919571757316589355e+00 -2.733071148395538330e-01
-2.004674339294433594e+01 1.186976013183593750e+02 9.399965286254882812e+00 1.269994354248046875e+01 -2.004632234573364258e+00 -2.300804704427719116e-01
-2.504123306274414062e+01 1.180378189086914062e+02 9.069968223571777344e+00 1.302994918823242188e+01 -2.067595243453979492e+00 -3.879373967647552490e-01
-2.994912338256835938e+01 1.171473999023437500e+02 8.739970207214355469e+00 1.335995483398437500e+01 -2.043956279754638672e+00 -5.020323991775512695e-01
-3.464098358154296875e+01 1.160546875000000000e+02 8.409973144531250000e+00 1.368996047973632812e+01 -2.085651159286499023e+00 -6.118370890617370605e-01
-3.942390823364257812e+01 1.146810226440429688e+02 8.079976081848144531e+00 1.401996612548828125e+01 -1.884440064430236816e+00 -7.147351503372192383e-01
-4.394190979003906250e+01 1.131377334594726562e+02 7.749978542327880859e+00 1.434997177124023438e+01 -1.819734215736389160e+00 -6.932522058486938477e-01
-4.538243103027343750e+01 1.124918136596679688e+02 8.079976081848144531e+00 1.434997177124023438e+01 -4.445058759301900864e-03 -1.254761219024658203e-02
-4.473660278320312500e+01 1.127638168334960938e+02 8.409973144531250000e+00 1.434997177124023438e+01 2.285356968641281128e-01 1.149045601487159729e-01
-4.357074356079101562e+01 1.132874450683593750e+02 8.739970207214355469e+00 1.434997177124023438e+01 6.483881473541259766e-01 2.677139341831207275e-01
-4.207744979858398438e+01 1.139632720947265625e+02 9.069968223571777344e+00 1.434997177124023438e+01 6.866804957389831543e-01 3.182491064071655273e-01
-4.042535018920898438e+01 1.146982421875000000e+02 9.399965286254882812e+00 1.434997177124023438e+01 7.726073861122131348e-01 3.163965046405792236e-01
-3.864450836181640625e+01 1.154781570434570312e+02 9.729962348937988281e+00 1.434997177124023438e+01 7.450828552246093750e-01 3.354545235633850098e-01
-3.678203201293945312e+01 1.162714691162109375e+02 1.005996036529541016e+01 1.434997177124023438e+01 1.308772325515747070e+00 4.772164523601531982e-01
-3.471537017822265625e+01 1.171505126953125000e+02 1.038995742797851562e+01 1.434997177124023438e+01 6.492536067962646484e-01 3.934670090675354004e-01
-3.252692413330078125e+01 1.179938125610351562e+02 1.071995544433593750e+01 1.434997177124023438e+01 8.441706299781799316e-01 4.116395711898803711e-01
-3.029993820190429688e+01 1.187996597290039062e+02 1.104995250701904297e+01 1.434997177124023438e+01 9.410663843154907227e-01 3.053905963897705078e-01
-2.693490791320800781e+01 1.200545654296875000e+02 1.137994956970214844e+01 1.401996612548828125e+01 1.874623656272888184e+00 5.065860748291015625e-01
-2.214740943908691406e+01 1.217646331787109375e+02 1.170994758605957031e+01 1.368996047973632812e+01 1.854413747787475586e+00 6.813908219337463379e-01
-1.701848793029785156e+01 1.233419952392578125e+02 1.203994464874267578e+01 1.335995483398437500e+01 2.205592632293701172e+00 4.985281825065612793e-01
-1.177788543701171875e+01 1.246496429443359375e+02 1.236994171142578125e+01 1.302994918823242188e+01 2.298535585403442383e+00 3.748656213283538818e-01
-6.495541572570800781e+00 1.256868820190429688e+02 1.269994354248046875e+01 1.269994354248046875e+01 2.501958131790161133e+00 2.825592756271362305e-01
-1.192359447479248047e+00 1.264568862915039062e+02 1.302994918823242188e+01 1.236994171142578125e+01 2.222539424896240234e+00 2.466261833906173706e-01
4.095926284790039062e+00 1.269578018188476562e+02 1.335995483398437500e+01 1.203994464874267578e+01 2.026731729507446289e+00 7.627641409635543823e-02
5.136580944061279297e+00 1.269774856567382812e+02 1.302994918823242188e+01 1.236994171142578125e+01 -1.216704174876213074e-01 7.297718524932861328e-02
3.517857551574707031e+00 1.270560455322265625e+02 1.269994354248046875e+01 1.269994354248046875e+01 -8.976275324821472168e-01 7.147683948278427124e-02
2.855947315692901611e-01 1.273341293334960938e+02 1.236994171142578125e+01 1.302994918823242188e+01 -1.935748338699340820e+00 1.562821269035339355e-01
-4.277217388153076172e+00 1.277489242553710938e+02 1.203994464874267578e+01 1.335995483398437500e+01 -2.157633304595947266e+00 1.173725426197052002e-01
-9.399389266967773438e+00 1.279976043701171875e+02 1.170994758605957031e+01 1.368996047973632812e+01 -2.335864543914794922e+00 3.164017572999000549e-02
-1.447654056549072266e+01 1.280003204345703125e+02 1.137994956970214844e+01 1.401996612548828125e+01 -1.927547812461853027e+00 -1.146034747362136841e-01
