0.027308 118.29 12 12
0.038536 118.31 12 11.97
0.072617 118.33 12 11.94
0.11647 118.35 12 11.91
0.19715 118.37 12 11.88
0.29382 118.38 12 11.85
0.40335 118.39 12 11.82
0.54005 118.41 12 11.79
0.69126 118.42 12 11.76
0.84165 118.42 12 11.73
1.0274 118.43 12 11.7
1.2269 118.44 12 11.67
1.4117 118.44 12 11.64
1.6356 118.45 12 11.61
1.8601 118.45 12 11.58
2.0754 118.45 12 11.55
2.3246 118.45 12 11.52
2.5757 118.46 12 11.49
2.8007 118.46 12 11.46
3.0178 118.45 12 11.43
3.1711 118.45 12 11.4
3.2988 118.45 12 11.37
3.4465 118.45 12 11.34
3.5954 118.45 12 11.31
3.7287 118.45 12 11.28
3.8794 118.45 12 11.25
4.0133 118.45 12 11.22
4.169 118.45 12 11.19
4.3296 118.44 12 11.16
4.4886 118.44 12 11.13
4.6356 118.43 12 11.1
4.7944 118.43 12 11.07
4.9577 118.42 12 11.04
5.1049 118.42 12 11.01
5.264 118.41 12 10.98
5.4229 118.41 12 10.95
5.5678 118.4 12 10.92
5.741 118.4 12 10.89
5.9032 118.39 12 10.86
6.0508 118.38 12 10.83
6.2235 118.37 12 10.8
6.3728 118.37 12 10.77
6.5496 118.36 12 10.74
6.7269 118.35 12 10.71
6.9058 118.34 12 10.68
7.062 118.33 12 10.65
7.249 118.32 12 10.62
7.4298 118.31 12 10.59
7.5882 118.3 12 10.56
7.7762 118.28 12 10.53
7.9381 118.27 12 10.5
8.1301 118.26 12 10.47
8.3229 118.25 12 10.44
8.4893 118.23 12 10.41
8.6858 118.22 12 10.38
8.8829 118.2 12 10.35
9.0812 118.19 12 10.32
9.257 118.17 12 10.29
9.4558 118.16 12 10.26
9.6584 118.14 12 10.23
9.8353 118.12 12 10.2
10.044 118.11 12 10.17
10.248 118.09 12 10.14
10.428 118.07 12 10.11
10.638 118.05 12 10.08
10.849 118.03 12 10.05
11.034 118.02 12 10.02
11.252 117.99 12 9.99
11.474 117.97 12 9.96
11.672 117.95 12 9.93
11.94 117.94 12 9.9
12.22 117.93 12 9.87
12.478 117.92 12 9.84
12.823 117.93 12 9.81
13.144 117.92 12 9.78
13.397 117.9 12 9.75
13.657 117.87 12 9.72
13.915 117.85 12 9.69
14.151 117.84 12 9.66
14.433 117.83 12 9.63
14.668 117.81 12 9.6
14.981 117.79 12 9.57
15.285 117.77 12 9.54
15.574 117.77 12 9.51
15.898 117.74 12 9.48
16.24 117.73 12 9.45
16.538 117.69 12 9.42
16.789 117.66 12 9.39
17.123 117.66 12 9.36
17.45 117.63 12 9.33
17.843 117.62 12 9.3
18.269 117.6 12 9.27
18.646 117.58 12 9.24
18.935 117.54 12 9.21
19.259 117.51 12 9.18
19.629 117.49 12 9.15
19.975 117.47 12 9.12
20.305 117.43 12 9.09
20.62 117.4 11.97 9.06
20.89 117.37 11.94 9.03
21.182 117.33 11.91 9
21.43 117.31 11.88 8.97
21.707 117.28 11.85 8.94
21.996 117.26 11.82 8.91
22.279 117.23 11.79 8.88
22.519 117.21 11.76 8.85
22.775 117.18 11.73 8.82
23.019 117.15 11.7 8.79
23.198 117.12 11.67 8.76
23.439 117.11 11.64 8.73
23.645 117.09 11.61 8.7
23.857 117.06 11.58 8.67
24.031 117.03 11.55 8.64
24.181 117 11.52 8.61
24.303 116.98 11.49 8.58
24.456 116.96 11.46 8.55
24.605 116.95 11.43 8.52
24.734 116.94 11.4 8.49
24.877 116.92 11.37 8.46
25 116.92 11.34 8.43
25.138 116.89 11.31 8.4
25.234 116.87 11.28 8.37
25.324 116.85 11.25 8.34
25.396 116.84 11.22 8.31
25.48 116.82 11.19 8.28
25.559 116.81 11.16 8.25
25.624 116.8 11.13 8.22
25.703 116.78 11.1 8.19
25.776 116.77 11.07 8.16
25.841 116.76 11.04 8.13
25.917 116.75 11.01 8.1
25.99 116.73 10.98 8.07
26.053 116.72 10.95 8.04
26.125 116.71 10.92 8.01
26.197 116.7 10.89 7.98
26.258 116.69 10.86 7.95
26.329 116.68 10.83 7.92
26.399 116.67 10.8 7.89
26.458 116.66 10.77 7.86
26.526 116.65 10.74 7.83
26.594 116.64 10.71 7.8
26.652 116.63 10.68 7.77
26.718 116.62 10.65 7.74
26.784 116.61 10.62 7.71
26.84 116.6 10.59 7.68
26.905 116.59 10.56 7.65
26.969 116.59 10.53 7.62
27.024 116.58 10.5 7.59
27.087 116.57 10.47 7.56
27.141 116.56 10.44 7.53
27.203 116.56 10.41 7.5
27.265 116.55 10.38 7.47
27.317 116.54 10.35 7.44
27.38 116.54 10.32 7.41
27.439 116.53 10.29 7.38
27.498 116.52 10.26 7.35
27.549 116.52 10.23 7.32
27.607 116.51 10.2 7.29
27.665 116.51 10.17 7.26
27.715 116.5 10.14 7.23
27.775 116.49 10.11 7.2
27.829 116.49 10.08 7.17
27.878 116.48 10.05 7.14
27.937 116.48 10.02 7.11
27.991 116.47 9.99 7.08
28.04 116.47 9.96 7.05
28.092 116.46 9.93 7.02
28.138 116.46 9.9 6.99
28.195 116.46 9.87 6.96
28.248 116.45 9.84 6.93
28.3 116.45 9.81 6.9
28.345 116.44 9.78 6.87
28.401 116.44 9.75 6.84
28.436 116.43 9.75 6.87
28.447 116.43 9.75 6.9
28.445 116.44 9.75 6.93
28.431 116.44 9.75 6.96
28.41 116.45 9.75 6.99
28.377 116.46 9.75 7.02
28.336 116.47 9.75 7.05
28.292 116.48 9.75 7.08
28.235 116.5 9.75 7.11
28.171 116.52 9.75 7.14
28.109 116.53 9.75 7.17
28.031 116.55 9.75 7.2
27.948 116.58 9.75 7.23
27.871 116.6 9.75 7.26
27.776 116.62 9.75 7.29
27.678 116.65 9.75 7.32
27.588 116.67 9.75 7.35
27.477 116.7 9.75 7.38
27.364 116.73 9.75 7.41
27.264 116.75 9.75 7.44
27.145 116.78 9.75 7.47
27.019 116.82 9.75 7.5
26.906 116.85 9.75 7.53
26.759 116.89 9.75 7.56
26.597 116.94 9.75 7.59
26.449 116.99 9.75 7.62
26.267 117.05 9.75 7.65
26.103 117.11 9.75 7.68
25.9 117.18 9.75 7.71
25.686 117.25 9.75 7.74
25.463 117.33 9.75 7.77
25.261 117.4 9.75 7.8
25.026 117.49 9.75 7.83
24.783 117.58 9.75 7.86
24.537 117.68 9.75 7.89
24.286 117.76 9.75 7.92
24.095 117.81 9.75 7.95
23.939 117.85 9.75 7.98
23.759 117.89 9.75 8.01
23.605 117.93 9.75 8.04
23.423 117.97 9.75 8.07
23.237 118.01 9.75 8.1
23.085 118.05 9.75 8.13
22.902 118.09 9.75 8.16
22.723 118.13 9.75 8.19
22.548 118.17 9.75 8.22
22.386 118.2 9.75 8.25
22.204 118.24 9.75 8.28
22.01 118.29 9.75 8.31
21.724 118.42 9.75 8.34
21.324 118.57 9.75 8.37
20.992 118.69 9.75 8.4
20.608 118.84 9.75 8.43
20.233 118.97 9.75 8.46
19.855 119.11 9.75 8.49
19.532 119.22 9.75 8.52
19.161 119.34 9.75 8.55
18.829 119.46 9.75 8.58
18.458 119.57 9.75 8.61
18.21 119.63 9.75 8.64
17.996 119.67 9.75 8.67
17.814 119.7 9.75 8.7
17.604 119.74 9.75 8.73
17.397 119.78 9.75 8.76
17.219 119.81 9.75 8.79
17.023 119.85 9.75 8.82
16.851 119.88 9.75 8.85
16.635 119.92 9.75 8.88
16.404 119.98 9.75 8.91
15.965 120.13 9.75 8.94
15.611 120.24 9.75 8.97
15.202 120.37 9.75 9
14.862 120.48 9.75 9.03
14.465 120.6 9.75 9.06
14.053 120.72 9.75 9.09
13.667 120.84 9.75 9.12
13.318 120.94 9.72 9.12
12.925 121.04 9.69 9.12
12.652 121.09 9.66 9.12
12.446 121.12 9.63 9.12
12.222 121.15 9.6 9.12
11.992 121.19 9.57 9.12
11.778 121.23 9.54 9.12
11.563 121.26 9.51 9.12
11.326 121.3 9.48 9.12
11.116 121.34 9.45 9.12
10.673 121.49 9.42 9.12
10.223 121.61 9.39 9.12
9.8558 121.71 9.36 9.12
9.4187 121.82 9.33 9.12
8.9925 121.93 9.3 9.12
8.6323 122.02 9.27 9.12
8.2098 122.12 9.24 9.12
7.8004 122.22 9.21 9.12
7.4722 122.28 9.18 9.12
7.1958 122.32 9.15 9.12
6.9437 122.35 9.12 9.12
6.728 122.38 9.09 9.12
6.47 122.42 9.06 9.12
6.2142 122.46 9.03 9.12
5.9821 122.49 9 9.12
5.5574 122.6 8.97 9.12
5.1425 122.69 8.94 9.12
4.7988 122.77 8.91 9.12
4.3852 122.85 8.88 9.12
3.9839 122.93 8.85 9.12
3.6378 123 8.82 9.12
3.239 123.08 8.79 9.12
2.8404 123.15 8.76 9.12
2.4847 123.21 8.73 9.12
2.1631 123.25 8.7 9.12
1.8927 123.27 8.67 9.12
1.6582 123.3 8.64 9.12
1.3892 123.32 8.61 9.12
1.1064 123.35 8.58 9.12
0.85063 123.39 8.55 9.12
0.43888 123.46 8.52 9.12
0.034942 123.53 8.49 9.12
-0.31923 123.59 8.46 9.12
-0.72383 123.65 8.43 9.12
-1.1272 123.7 8.4 9.12
-1.4713 123.75 8.37 9.12
-1.8593 123.8 8.34 9.12
-2.256 123.85 8.31 9.12
-2.5922 123.89 8.28 9.12
-2.9332 123.91 8.25 9.12
-3.2235 123.93 8.22 9.12
-3.4727 123.94 8.19 9.12
-3.7584 123.96 8.16 9.12
-4.0638 123.99 8.13 9.12
-4.3733 124.03 8.1 9.12
-4.7579 124.07 8.07 9.12
-5.1597 124.1 8.04 9.12
-5.4896 124.14 8.01 9.12
-5.8706 124.17 7.98 9.12
-6.2442 124.21 7.95 9.12
-6.6153 124.24 7.92 9.12
-6.9381 124.26 7.89 9.12
-7.3012 124.29 7.86 9.12
-7.6235 124.31 7.83 9.12
-7.9406 124.31 7.8 9.12
-8.2417 124.32 7.77 9.12
-8.4944 124.32 7.74 9.12
-8.7958 124.33 7.71 9.12
-9.1152 124.35 7.68 9.12
-9.4487 124.37 7.65 9.12
-9.8304 124.39 7.62 9.12
-10.186 124.4 7.59 9.12
-10.508 124.42 7.56 9.12
-10.864 124.43 7.53 9.12
-11.236 124.45 7.5 9.12
-11.571 124.45 7.47 9.12
-11.926 124.46 7.44 9.12
-12.286 124.47 7.41 9.12
-12.596 124.47 7.38 9.12
-12.918 124.46 7.35 9.12
-13.226 124.46 7.32 9.12
-13.497 124.45 7.29 9.12
-13.821 124.45 7.26 9.12
-14.176 124.45 7.23 9.12
-14.497 124.46 7.2 9.12
-14.859 124.45 7.17 9.12
-15.221 124.45 7.14 9.12
-15.578 124.44 7.11 9.12
-15.862 124.44 7.11 9.09
-16.108 124.43 7.11 9.06
-16.351 124.42 7.11 9.03
-16.559 124.42 7.11 9
-16.708 124.41 7.11 8.97
-16.85 124.4 7.11 8.94
-16.96 124.39 7.11 8.91
-17.039 124.39 7.11 8.88
-17.084 124.38 7.11 8.85
-17.119 124.38 7.11 8.82
-17.142 124.38 7.11 8.79
-17.15 124.38 7.11 8.76
-17.148 124.38 7.11 8.73
-17.136 124.38 7.11 8.7
-17.115 124.39 7.11 8.67
-17.085 124.4 7.11 8.64
-17.046 124.41 7.11 8.61
-17.004 124.41 7.11 8.58
-16.948 124.43 7.11 8.55
-16.888 124.44 7.11 8.52
-16.825 124.45 7.11 8.49
-16.739 124.48 7.11 8.46
-16.638 124.5 7.11 8.43
-16.532 124.53 7.11 8.4
-16.398 124.57 7.11 8.37
-16.25 124.62 7.11 8.34
-16.107 124.66 7.11 8.31
-15.92 124.72 7.11 8.28
-15.758 124.78 7.11 8.25
-15.551 124.84 7.11 8.22
-15.341 124.9 7.11 8.19
-15.122 124.97 7.11 8.16
-14.923 125.03 7.11 8.13
-14.687 125.1 7.11 8.1
-14.441 125.17 7.11 8.07
-14.223 125.24 7.11 8.04
-13.963 125.32 7.11 8.01
-13.698 125.39 7.11 7.98
-13.464 125.46 7.11 7.95
-13.188 125.54 7.11 7.92
-12.907 125.62 7.11 7.89
-12.657 125.69 7.11 7.86
-12.361 125.77 7.11 7.83
-12.067 125.85 7.11 7.8
-11.814 125.91 7.11 7.77
-11.513 125.99 7.11 7.74
-11.206 126.07 7.11 7.71
-10.937 126.14 7.11 7.68
-10.632 126.22 7.11 7.65
-10.315 126.3 7.11 7.62
-10.042 126.37 7.11 7.59
-9.7186 126.45 7.11 7.56
-9.4034 126.52 7.11 7.53
-9.1202 126.59 7.11 7.5
-8.7999 126.66 7.11 7.47
-8.472 126.74 7.11 7.44
-8.1842 126.8 7.11 7.41
-7.8601 126.87 7.11 7.38
-7.5308 126.95 7.11 7.35
-7.2444 127.01 7.11 7.32
-6.9114 127.08 7.11 7.29
-6.5741 127.15 7.11 7.26
